Listaid = {
	91233243522140,
	116874163291138,
	114727662968481,
	98337901681441,
	102402883551679,
	122761529841977,
	87909146687252,
	127512475318182,
	119936139925486,
	105854178411388,
	87233041213837,
	121516877792091,
	85833437298815,
	94494416095572,   -- Ghost fight
	115656438192853,  -- A Engimatical Encounter
	96357207714662,   -- Stronger Twan ya chara
	107986977620509,  -- Asgore
	101378669026310,  -- The Skeletons Last Breath
	109606503605402,  -- Hammer of Justice
	112512564227744,
	104621031886653,
	83914052148279,
	117236780703437,
	81552567379452,
	123809083385992,
	112748273890049,
	137155874195108,
	106958630419629,
	72320758533508,
	127063071194532,
	139667113842953,
	90627119202018,
	118507373399694,
	93058983119992,
	92295159623916,  -- DJ Raimundo
	139218946376655, -- Rat Dance
	97567416166163,
	106732317934236,
	17647322226,     -- Kerosene
	132517043416676,
	15689448519,
	16190782786,
	1837006787,
	1837014531,
	131847084942844,
	95046091312570,
	111318048787674,
	93958751571254,
	120102995443063,
	120138115344262,
	104575671082804,
	131689610122547,
	13530439660,
	14366981664,
	16831107981,
	129112111571462,
	15689445424,
	15689450026,
	126713629899826,
	77766610441787,
	18841891575,
	120871403922972,
	95554192381753,
	126372814380356,
	123517126955383,
	105102042077619,
	92715012838361,
	84053362849165,
	75146085667327,
	86511617909610,
	16190783444,
	100697759026652,
	127868004681532,
	1839246711,
	103504594968244,
	80946196913756,
	93751275110337,
	109840843335222,
	110035574248336,
	104567749101480,
	18841888868,
	85075816659415,
	96028783423401,
	125200420795517,
	92446612272052,
	107683146338584,
	79953696595578,
	129212629624727,
	87554448466409,
	121489264497741, -- Adn 01
	70961757130479,
	97413868131214,
	93245387354226,
	72444649335619,
	1837111443,
	5410084802,
	103524199324615,
	127219133263020,
	100697759026652,
	120885023497936,
	5410082468,
	1836847994,
	71392021424658,
	86685635786943,
	76312991186384,
	81700399219236, -- Adn 2
	88339486019486, 
	96974354995715, 
	139693447546059, 
	131847084942844, 
	104828343009296,
	111564073986749, -- Adn 3
	85994915142182,
	99128910197696, -- Adn 4
	135690618125311,
	105633366460252,
	113324443761127,
	105423792227242,
	71956674693421, -- Adn 5
	120785124326826,
	126257401176561,
	132082397247824,
	78744747224727, -- Adn 6 
	77188110491285,
	87658459636001,
	108710061480904,
	123580060732562,
	104449595639237,
	97557092981429,
	74312901272425,
	75982342509801,
	75805949198978,
	113184121463834,
	122127808613347,
	110772573905578,
	1836654054,
	95554192381753,
	139834501955751,
	104596909675653,
	72811197789142,
	1836789357,
	1836654190,
	123229005251213,
}
